0 2 1
0 21 1
1 161 1
1 2 1
1 203 1
1 5 1
1 257 1
1 168 1
1 171 1
1 66 1
1 237 1
1 212 2
1 55 1
1 56 1
1 123 1
2 66 1
2 203 1
2 161 1
2 168 1
2 41 2
2 171 1
2 257 1
2 237 1
2 206 1
2 20 1
2 21 1
2 86 1
2 216 1
2 212 1
2 123 1
3 128 1
3 161 1
3 115 1
3 21 1
3 88 1
3 252 1
3 138 1
3 236 1
3 234 1
4 129 1
4 66 1
4 69 1
4 206 1
4 207 1
4 208 4
4 211 1
4 212 1
4 149 1
4 88 1
4 153 1
4 155 1
4 28 1
4 219 1
4 63 1
4 170 2
4 175 1
4 48 1
4 50 2
4 51 1
4 249 1
4 186 1
4 123 1
4 61 1
4 85 1
4 127 1
5 195 1
5 212 1
5 101 1
5 157 1
6 8 1
6 9 1
6 159 1
6 56 1
6 55 1
7 56 1
7 25 1
7 55 1
7 8 2
7 9 2
7 141 3
8 9 16
10 25 1
10 142 4
11 112 1
11 261 1
11 222 1
11 14 1
11 231 1
12 33 1
12 67 1
12 69 1
12 70 1
12 200 1
12 201 1
12 171 1
12 16 3
12 209 1
12 146 2
12 212 1
12 149 1
12 151 2
12 152 1
12 90 1
13 209 1
13 231 1
13 202 1
13 218 1
13 122 1
13 94 1
13 255 1
14 218 1
14 226 1
14 223 1
15 161 1
15 18 5
15 19 1
15 21 4
15 218 1
15 255 1
15 234 1
15 254 1
15 111 1
17 123 1
17 21 1
17 86 1
18 138 1
18 236 2
18 237 1
18 112 1
18 56 1
18 242 1
18 85 1
18 254 1
18 55 1
18 88 1
18 252 1
18 94 1
18 255 1
19 124 1
19 238 1
20 208 1
20 33 1
20 86 1
20 135 1
20 168 1
20 161 1
20 138 3
20 236 1
20 206 1
21 234 2
21 123 1
21 254 1
22 192 1
22 65 1
22 130 1
22 196 1
22 256 1
22 249 1
22 258 1
22 77 1
22 78 3
22 79 1
22 80 1
22 82 1
22 85 2
22 214 1
22 23 1
22 88 1
22 25 1
22 26 2
22 159 1
22 232 1
22 42 5
22 127 1
22 45 5
22 46 2
22 48 1
22 50 3
22 52 1
22 57 3
22 59 3
22 61 1
22 126 1
22 63 1
23 258 1
23 196 1
23 232 1
23 77 1
23 78 1
23 79 2
23 80 1
23 82 1
23 212 1
23 214 1
23 25 1
23 252 1
25 214 2
25 258 1
25 179 1
25 232 1
25 77 1
25 78 1
25 79 1
25 80 1
25 145 1
25 82 1
25 83 1
25 142 1
25 248 1
25 28 1
25 93 1
25 159 2
26 256 1
26 258 1
26 196 1
26 77 3
26 78 1
26 83 2
26 84 1
26 85 1
26 88 1
26 218 1
26 159 3
26 228 2
26 242 1
26 42 1
26 107 1
26 45 1
26 46 2
26 239 2
26 48 1
26 50 1
26 55 2
26 56 2
26 57 1
26 59 2
26 252 1
26 106 1
26 127 1
28 192 1
28 129 1
28 66 1
28 195 1
28 257 1
28 160 1
28 206 1
28 208 1
28 212 1
28 149 1
28 88 1
28 218 1
28 155 1
28 93 1
28 32 1
28 219 1
28 253 1
28 48 1
28 50 1
28 244 1
28 55 2
28 56 2
28 127 1
28 252 1
28 61 1
28 85 1
29 233 2
29 75 1
29 206 1
29 31 1
30 32 3
30 31 1
31 32 2
31 175 1
32 64 1
32 133 1
32 173 1
32 46 1
32 253 1
32 83 1
32 84 1
32 244 1
32 218 1
32 251 2
32 93 2
33 257 1
33 67 1
33 132 3
33 69 1
33 70 1
33 209 1
33 136 3
33 201 1
33 171 1
33 206 3
33 175 1
33 200 1
33 146 1
33 149 1
33 212 1
33 90 1
34 229 1
34 230 1
34 35 1
34 37 2
34 118 1
34 55 1
34 56 1
34 135 1
34 231 1
34 197 1
35 201 1
35 37 1
35 230 1
35 199 2
36 64 1
36 96 1
36 260 1
36 224 1
36 97 1
37 64 2
37 96 1
37 132 1
37 230 2
37 97 1
37 104 1
37 112 1
37 116 1
37 117 2
37 126 1
38 206 1
38 53 1
38 252 1
38 253 1
38 222 1
38 95 1
39 73 2
39 249 1
40 216 1
40 41 3
41 137 1
41 216 2
42 65 1
42 126 2
42 130 1
42 193 1
42 45 6
42 46 2
42 50 1
42 52 1
42 85 1
42 249 1
42 57 4
42 59 4
42 60 1
42 61 2
42 62 1
42 127 1
43 64 2
43 96 1
43 130 1
43 193 2
43 97 1
43 129 3
43 128 1
43 241 3
43 45 1
43 207 1
43 136 1
43 242 1
43 51 5
43 62 1
43 125 1
43 126 3
43 127 1
44 249 1
44 66 2
44 110 1
45 256 1
45 129 1
45 130 1
45 46 1
45 50 3
45 51 1
45 52 1
45 85 2
45 249 1
45 57 2
45 59 7
45 60 1
45 126 1
45 127 2
46 64 1
46 256 2
46 130 2
46 131 2
46 247 1
46 83 1
46 84 1
46 85 1
46 249 1
46 88 2
46 219 1
46 238 1
46 47 2
46 112 1
46 50 3
46 52 1
46 126 1
46 54 2
46 55 1
46 56 1
46 57 6
46 58 1
46 59 5
46 61 2
46 62 4
46 127 3
47 65 1
47 227 1
47 170 1
47 247 1
47 93 1
47 112 1
47 238 1
47 52 3
47 53 1
47 55 1
47 56 1
47 218 1
47 223 1
47 61 2
47 62 5
47 159 1
48 149 1
48 129 1
48 66 1
48 219 1
48 159 1
48 208 1
48 50 1
48 212 1
48 85 1
48 88 1
48 57 1
48 155 1
48 61 1
48 218 1
48 127 1
49 128 1
49 240 1
49 242 1
49 99 2
49 53 5
49 241 1
49 58 1
49 247 1
49 62 2
50 149 1
50 129 1
50 66 2
50 256 3
50 208 1
50 170 1
50 85 4
50 249 3
50 88 3
50 155 1
50 219 1
50 212 1
50 238 1
50 52 1
50 53 1
50 54 3
50 55 2
50 56 2
50 57 4
50 59 5
50 60 1
50 61 2
50 62 1
50 127 1
51 96 1
51 97 1
51 130 1
51 129 3
51 136 1
51 170 1
51 207 1
51 193 2
51 62 2
51 249 1
51 186 1
51 125 1
51 126 6
52 128 1
52 242 1
52 247 1
52 85 1
52 55 1
52 56 1
52 249 1
52 59 1
52 157 1
52 62 2
53 66 1
53 99 2
53 242 2
53 206 1
53 253 1
53 222 1
53 54 1
53 216 2
53 57 1
53 58 1
53 207 1
53 252 1
53 61 2
53 62 2
53 63 1
54 160 1
54 192 1
54 227 1
54 256 1
54 246 1
54 193 1
54 76 1
54 56 1
54 238 1
54 55 1
54 88 2
54 57 2
54 59 2
54 60 1
54 85 1
55 192 1
55 73 1
55 256 1
55 83 1
55 85 5
55 88 2
55 65 1
55 238 1
55 56 76
55 57 1
55 59 1
55 61 1
55 62 3
55 63 3
56 192 1
56 73 1
56 256 1
56 83 1
56 85 5
56 88 2
56 65 1
56 238 1
56 57 1
56 59 1
56 61 1
56 62 3
56 63 3
57 64 2
57 65 1
57 130 1
57 247 1
57 256 3
57 207 1
57 85 1
57 88 4
57 219 1
57 112 1
57 238 1
57 249 1
57 59 9
57 60 2
57 126 1
57 127 1
58 62 2
58 247 1
59 64 1
59 128 1
59 130 2
59 131 2
59 260 1
59 256 3
59 85 2
59 249 1
59 88 2
59 159 1
59 238 1
59 62 4
59 63 1
59 60 4
59 61 2
59 126 1
59 127 6
60 260 1
61 149 1
61 65 4
61 66 2
61 129 1
61 62 3
61 207 1
61 208 1
61 212 1
61 85 1
61 88 1
61 155 1
61 219 1
61 63 2
61 126 1
61 127 1
62 128 2
62 65 1
62 130 1
62 131 1
62 70 1
62 193 2
62 247 2
62 207 2
62 153 1
62 250 1
62 159 3
62 110 3
62 126 1
62 127 2
63 96 1
63 65 1
63 66 2
63 69 1
63 97 1
63 73 1
63 175 1
63 207 1
63 93 1
63 80 1
63 147 1
63 153 1
63 158 1
64 65 1
64 219 1
64 230 2
64 97 5
64 129 1
64 96 5
64 159 1
64 207 1
64 112 4
64 251 1
64 127 3
65 192 1
65 66 5
65 195 1
65 68 1
65 261 1
65 198 1
65 199 1
65 136 1
65 77 1
65 207 1
65 248 1
65 83 1
65 174 1
65 153 1
65 154 1
65 155 1
65 234 1
65 160 1
65 259 1
65 194 1
65 108 1
65 110 1
65 252 1
66 149 1
66 203 1
66 77 1
66 161 1
66 207 1
66 208 1
66 257 1
66 147 1
66 212 2
66 85 1
66 88 1
66 155 1
66 93 1
66 158 1
66 96 1
66 97 1
66 219 1
66 129 1
66 171 1
66 237 1
66 249 1
66 123 1
66 252 1
66 127 1
67 68 1
67 69 2
67 70 1
67 71 2
67 200 1
67 201 1
67 171 1
67 209 1
67 146 1
67 147 1
67 212 1
67 149 2
67 150 1
67 215 1
67 90 1
67 155 3
67 156 1
67 157 1
68 194 1
68 261 1
68 198 1
68 71 1
68 136 1
68 215 2
68 195 2
68 174 1
68 150 1
68 151 1
68 153 1
68 154 1
68 155 2
68 156 1
68 157 1
68 160 1
68 259 1
68 199 1
68 108 1
68 110 1
68 244 1
68 149 2
69 194 1
69 133 1
69 70 1
69 71 2
69 200 1
69 201 1
69 75 1
69 209 1
69 146 2
69 147 1
69 212 1
69 149 1
69 153 1
69 90 1
69 155 1
69 156 1
69 157 4
69 99 1
69 198 1
69 171 2
69 173 1
69 175 1
69 244 1
70 71 2
70 200 1
70 201 1
70 171 1
70 110 2
70 209 1
70 146 2
70 212 1
70 149 1
70 153 1
70 90 1
71 194 1
71 106 1
71 215 1
71 110 1
71 175 2
71 253 1
71 244 2
71 150 3
71 151 1
71 155 3
71 156 3
71 157 2
72 153 1
72 202 2
72 225 1
72 76 8
72 223 1
73 112 1
74 198 1
74 177 1
74 227 2
74 100 1
74 117 2
74 118 1
74 153 1
74 121 1
74 201 1
74 199 1
74 111 2
75 116 5
75 104 1
75 110 2
75 117 1
76 160 1
76 225 1
76 227 1
76 246 1
76 233 1
76 202 1
76 148 2
76 152 1
76 153 2
76 223 1
77 86 1
77 258 2
77 78 2
77 79 1
77 80 1
77 82 1
77 83 3
77 84 2
77 85 3
77 214 1
77 161 1
77 228 2
77 232 1
77 106 1
77 107 1
77 239 1
77 112 1
77 242 1
77 252 2
78 258 1
78 232 4
78 106 1
78 107 1
78 79 1
78 80 1
78 82 1
78 214 1
78 239 1
78 252 1
79 80 2
79 82 1
79 214 1
79 232 1
79 258 2
79 87 2
80 98 1
80 232 1
80 258 1
80 82 1
80 84 1
80 214 1
81 84 1
81 159 1
82 258 1
82 214 1
82 232 1
83 258 2
83 228 1
83 214 1
83 234 1
83 87 1
83 248 1
83 242 3
83 84 7
83 85 5
83 86 1
83 255 1
83 254 1
83 159 1
84 258 1
84 228 1
84 242 2
84 85 2
84 86 2
85 256 1
85 129 1
85 258 2
85 137 1
85 138 1
85 149 1
85 155 1
85 159 1
85 208 1
85 86 2
85 88 5
85 219 1
85 98 1
85 228 1
85 236 1
85 237 4
85 238 1
85 112 2
85 242 4
85 212 1
85 249 1
85 127 1
85 126 1
85 255 1
86 228 2
86 168 1
86 258 5
86 98 1
86 206 1
86 112 1
86 242 1
86 255 1
86 159 1
87 258 1
87 255 1
87 254 1
88 149 1
88 129 1
88 138 1
88 256 4
88 208 1
88 212 1
88 249 1
88 155 1
88 219 1
88 242 1
88 236 1
88 237 1
88 112 1
88 238 2
88 252 1
88 127 1
89 128 1
89 203 1
89 204 1
90 200 1
90 201 1
90 171 1
90 209 1
90 146 1
90 212 1
90 149 1
90 91 1
91 245 1
91 115 1
91 101 1
91 150 1
91 227 1
91 206 1
91 175 1
93 96 1
93 227 1
93 97 1
93 159 1
93 174 3
93 111 1
93 112 1
93 147 1
93 218 1
93 253 1
93 158 1
93 95 1
94 209 1
94 252 1
94 231 1
94 216 1
94 218 1
94 202 1
94 236 1
95 128 2
95 133 1
95 111 1
96 97 34
96 104 1
96 147 1
96 158 1
96 136 1
96 116 1
96 117 1
96 153 1
96 120 2
96 148 1
96 126 3
97 104 1
97 147 1
97 158 1
97 136 1
97 116 1
97 117 1
97 153 1
97 120 2
97 148 1
97 126 3
98 112 1
98 242 1
98 104 1
98 255 1
98 159 1
99 242 1
99 115 2
99 113 1
99 157 1
100 227 1
100 117 2
100 201 1
100 121 2
100 219 2
100 140 1
100 111 1
101 245 1
101 241 1
101 195 1
101 118 1
101 227 1
101 175 1
102 244 1
102 210 1
102 251 1
102 220 2
103 126 1
104 140 1
104 110 1
104 116 2
104 117 1
104 120 1
104 121 1
104 126 1
106 210 1
106 252 1
106 107 1
106 220 1
106 239 1
107 160 1
107 194 1
107 195 1
107 203 1
107 239 1
107 245 1
107 246 1
107 151 1
107 218 1
107 252 1
108 160 1
108 195 1
108 261 1
108 198 1
108 199 1
108 136 1
108 173 3
108 174 1
108 175 1
108 259 1
108 110 1
108 153 1
108 154 1
110 195 1
110 261 1
110 136 1
110 204 1
110 248 1
110 146 1
110 259 1
110 150 1
110 151 1
110 153 2
110 154 1
110 220 1
110 159 1
110 160 2
110 198 1
110 199 1
110 174 1
110 116 2
110 120 1
110 251 1
110 253 1
110 190 1
111 227 2
111 201 1
111 140 1
111 175 2
111 117 1
111 118 1
111 121 1
112 193 1
112 261 1
112 138 1
112 219 1
112 159 2
112 161 1
112 227 1
112 230 1
112 231 1
112 236 2
112 237 1
112 242 3
112 119 1
112 255 1
113 115 1
114 252 1
115 161 1
115 128 1
115 236 1
116 154 1
116 126 1
116 117 7
117 227 3
117 198 2
117 193 1
117 201 2
117 140 1
117 177 2
117 153 2
117 121 4
117 200 1
117 126 1
118 245 1
118 227 1
119 201 1
119 230 1
119 199 1
120 163 2
120 148 1
120 189 1
121 224 1
121 227 1
121 200 1
121 201 1
121 142 2
121 175 1
121 243 1
121 219 1
121 245 1
122 124 2
122 238 1
123 171 2
123 229 1
123 161 2
123 203 1
123 257 1
123 206 1
123 143 1
123 237 2
123 212 1
123 126 1
124 238 1
125 193 1
125 129 1
125 126 2
125 207 1
126 256 1
126 129 2
126 130 2
126 161 1
126 143 1
126 193 2
126 207 1
126 237 1
126 127 1
127 129 1
127 131 2
127 130 2
127 208 1
127 212 1
127 155 1
127 219 1
127 149 1
128 161 1
128 236 1
128 240 1
128 247 1
128 234 1
128 159 1
129 193 2
129 130 1
129 207 1
129 208 1
129 212 1
129 149 1
129 151 1
129 155 1
129 219 1
130 131 1
132 206 1
133 251 1
135 161 1
135 236 1
135 138 1
136 195 1
136 198 1
136 259 1
136 174 1
136 160 1
136 153 1
136 154 1
136 199 1
136 261 1
137 235 2
137 236 1
137 237 2
138 161 1
138 242 1
138 236 3
138 237 1
140 152 2
140 200 1
140 147 1
140 227 2
140 155 1
140 156 1
140 141 1
141 144 1
141 145 3
141 211 1
141 154 2
141 143 2
142 177 1
143 248 1
143 225 2
144 179 1
145 179 1
145 246 1
145 211 1
145 154 2
145 219 1
145 254 1
145 157 1
146 200 1
146 201 1
146 171 1
146 209 1
146 227 1
146 212 1
146 149 1
146 151 1
147 157 3
147 195 1
147 148 1
147 187 1
147 155 5
147 156 3
147 158 2
148 156 1
148 187 1
148 153 2
148 154 1
148 155 1
148 158 1
149 200 1
149 201 1
149 215 1
149 194 2
149 208 1
149 209 2
149 195 1
149 212 2
149 150 1
149 151 1
149 155 2
149 160 1
149 219 1
149 171 1
150 160 1
150 194 3
150 251 1
150 215 1
150 175 1
150 244 1
150 151 1
150 248 1
150 155 1
150 220 1
150 253 1
150 190 1
151 160 1
151 194 3
151 195 3
151 203 1
151 209 1
151 218 1
152 227 1
152 154 1
153 195 1
153 193 1
153 160 1
153 259 1
153 174 1
153 154 2
153 156 1
153 261 1
153 198 4
153 177 2
153 199 1
153 175 1
154 160 1
154 195 1
154 198 1
154 199 1
154 259 1
154 211 1
154 174 1
154 219 1
154 261 1
155 208 1
155 215 2
155 219 1
155 156 5
155 157 3
155 158 1
155 187 1
155 195 1
155 244 1
155 212 1
156 175 1
156 187 1
156 215 1
156 244 1
156 157 7
156 158 3
157 198 1
157 227 1
157 194 1
157 195 1
157 187 1
157 175 1
158 187 1
159 227 1
159 162 1
159 218 1
159 197 1
159 214 2
159 161 5
159 163 4
159 230 1
159 242 1
159 245 1
159 255 1
160 194 2
160 195 3
160 246 1
160 198 1
160 199 1
160 203 1
160 209 1
160 257 1
160 259 1
160 174 1
160 218 1
160 261 1
160 227 1
160 220 1
160 248 1
160 251 1
160 252 1
160 253 1
160 190 1
161 203 1
161 218 1
161 257 1
161 163 1
161 256 1
161 171 2
161 236 2
161 237 2
161 212 1
161 255 2
162 163 2
162 204 1
162 197 1
163 197 2
164 194 1
166 261 1
167 174 1
168 206 1
169 238 1
170 249 1
170 186 1
171 200 1
171 203 2
171 237 2
171 209 2
171 212 2
171 201 1
171 244 1
171 257 1
172 177 4
172 174 2
173 175 1
174 195 1
174 261 1
174 198 1
174 199 1
174 175 1
174 176 2
174 177 4
174 179 1
174 259 1
175 176 4
175 177 4
175 245 1
176 177 5
176 258 1
177 193 1
177 198 3
177 206 1
177 179 2
178 186 1
178 181 1
178 183 1
180 208 1
181 189 1
181 222 1
182 183 1
183 192 2
183 186 4
185 187 1
185 188 1
186 193 1
186 249 1
187 188 1
187 193 1
188 231 1
189 231 1
190 244 1
190 248 1
190 251 1
190 220 1
190 253 1
193 246 1
193 198 1
193 207 1
194 195 3
194 198 1
194 196 1
194 203 1
194 209 1
194 218 1
194 199 1
195 259 1
195 198 1
195 199 2
195 203 3
195 204 2
195 257 1
195 218 1
195 196 2
195 261 1
195 200 4
195 246 3
195 252 1
196 197 1
196 218 1
197 230 1
197 199 2
197 201 1
198 199 1
198 259 1
198 246 1
198 261 1
199 259 1
199 201 5
199 203 1
199 261 1
199 230 3
200 227 1
200 229 2
200 209 1
200 212 1
200 246 4
200 201 1
200 241 1
201 209 1
201 227 2
201 212 1
201 230 1
202 209 1
202 231 1
202 218 1
203 204 1
203 237 1
203 212 1
203 218 1
203 257 1
205 251 1
206 252 1
206 253 1
206 208 2
206 210 1
206 211 1
206 222 1
207 247 1
208 219 1
208 212 1
208 211 1
209 257 1
209 210 3
209 212 1
209 215 2
209 218 1
209 231 1
210 215 2
210 251 1
210 220 1
210 257 1
211 223 1
212 219 1
212 257 1
212 237 1
212 235 1
212 252 1
213 252 1
214 258 1
214 232 1
214 216 3
214 223 1
214 221 1
215 257 1
215 244 1
215 216 1
215 253 1
216 257 1
216 221 1
218 231 1
218 238 1
218 253 1
220 243 1
220 248 1
220 251 1
220 253 1
221 223 2
222 252 1
222 253 1
223 253 1
223 225 1
223 226 1
224 243 3
224 251 1
225 248 1
225 251 1
227 246 2
228 258 1
228 242 2
229 241 1
229 246 1
231 261 1
232 258 1
234 248 1
234 235 1
234 237 3
234 238 1
235 236 1
235 237 2
235 238 2
236 237 1
236 242 1
237 242 1
237 257 1
237 238 1
238 256 1
239 246 1
239 252 1
240 241 1
241 242 1
242 258 1
242 255 1
244 246 2
244 251 1
244 245 1
245 246 1
248 251 1
248 253 1
251 253 1
252 261 1
252 257 1
252 253 2
253 261 1
254 255 4
255 256 1
259 261 1
