0 2 1.0
0 21 1.0
1 161 1.0
1 2 1.0
1 203 1.0
1 5 1.0
1 257 1.0
1 168 1.0
1 171 1.0
1 66 1.0
1 237 1.0
1 212 0.5
1 55 1.0
1 56 1.0
1 123 1.0
2 66 1.0
2 203 1.0
2 161 1.0
2 168 1.0
2 41 0.5
2 171 1.0
2 257 1.0
2 237 1.0
2 206 1.0
2 20 1.0
2 21 1.0
2 86 1.0
2 216 1.0
2 212 1.0
2 123 1.0
3 128 1.0
3 161 1.0
3 115 1.0
3 21 1.0
3 88 1.0
3 252 1.0
3 138 1.0
3 236 1.0
3 234 1.0
4 129 1.0
4 66 1.0
4 69 1.0
4 206 1.0
4 207 1.0
4 208 0.25
4 211 1.0
4 212 1.0
4 149 1.0
4 88 1.0
4 153 1.0
4 155 1.0
4 28 1.0
4 219 1.0
4 63 1.0
4 170 0.5
4 175 1.0
4 48 1.0
4 50 0.5
4 51 1.0
4 249 1.0
4 186 1.0
4 123 1.0
4 61 1.0
4 85 1.0
4 127 1.0
5 195 1.0
5 212 1.0
5 101 1.0
5 157 1.0
6 8 1.0
6 9 1.0
6 159 1.0
6 56 1.0
6 55 1.0
7 56 1.0
7 25 1.0
7 55 1.0
7 8 0.5
7 9 0.5
7 141 0.3333333333333333
8 9 0.0625
10 25 1.0
10 142 0.25
11 112 1.0
11 261 1.0
11 222 1.0
11 14 1.0
11 231 1.0
12 33 1.0
12 67 1.0
12 69 1.0
12 70 1.0
12 200 1.0
12 201 1.0
12 171 1.0
12 16 0.3333333333333333
12 209 1.0
12 146 0.5
12 212 1.0
12 149 1.0
12 151 0.5
12 152 1.0
12 90 1.0
13 209 1.0
13 231 1.0
13 202 1.0
13 218 1.0
13 122 1.0
13 94 1.0
13 255 1.0
14 218 1.0
14 226 1.0
14 223 1.0
15 161 1.0
15 18 0.2
15 19 1.0
15 21 0.25
15 218 1.0
15 255 1.0
15 234 1.0
15 254 1.0
15 111 1.0
17 123 1.0
17 21 1.0
17 86 1.0
18 138 1.0
18 236 0.5
18 237 1.0
18 112 1.0
18 56 1.0
18 242 1.0
18 85 1.0
18 254 1.0
18 55 1.0
18 88 1.0
18 252 1.0
18 94 1.0
18 255 1.0
19 124 1.0
19 238 1.0
20 208 1.0
20 33 1.0
20 86 1.0
20 135 1.0
20 168 1.0
20 161 1.0
20 138 0.3333333333333333
20 236 1.0
20 206 1.0
21 234 0.5
21 123 1.0
21 254 1.0
22 192 1.0
22 65 1.0
22 130 1.0
22 196 1.0
22 256 1.0
22 249 1.0
22 258 1.0
22 77 1.0
22 78 0.3333333333333333
22 79 1.0
22 80 1.0
22 82 1.0
22 85 0.5
22 214 1.0
22 23 1.0
22 88 1.0
22 25 1.0
22 26 0.5
22 159 1.0
22 232 1.0
22 42 0.2
22 127 1.0
22 45 0.2
22 46 0.5
22 48 1.0
22 50 0.3333333333333333
22 52 1.0
22 57 0.3333333333333333
22 59 0.3333333333333333
22 61 1.0
22 126 1.0
22 63 1.0
23 258 1.0
23 196 1.0
23 232 1.0
23 77 1.0
23 78 1.0
23 79 0.5
23 80 1.0
23 82 1.0
23 212 1.0
23 214 1.0
23 25 1.0
23 252 1.0
25 214 0.5
25 258 1.0
25 179 1.0
25 232 1.0
25 77 1.0
25 78 1.0
25 79 1.0
25 80 1.0
25 145 1.0
25 82 1.0
25 83 1.0
25 142 1.0
25 248 1.0
25 28 1.0
25 93 1.0
25 159 0.5
26 256 1.0
26 258 1.0
26 196 1.0
26 77 0.3333333333333333
26 78 1.0
26 83 0.5
26 84 1.0
26 85 1.0
26 88 1.0
26 218 1.0
26 159 0.3333333333333333
26 228 0.5
26 242 1.0
26 42 1.0
26 107 1.0
26 45 1.0
26 46 0.5
26 239 0.5
26 48 1.0
26 50 1.0
26 55 0.5
26 56 0.5
26 57 1.0
26 59 0.5
26 252 1.0
26 106 1.0
26 127 1.0
28 192 1.0
28 129 1.0
28 66 1.0
28 195 1.0
28 257 1.0
28 160 1.0
28 206 1.0
28 208 1.0
28 212 1.0
28 149 1.0
28 88 1.0
28 218 1.0
28 155 1.0
28 93 1.0
28 32 1.0
28 219 1.0
28 253 1.0
28 48 1.0
28 50 1.0
28 244 1.0
28 55 0.5
28 56 0.5
28 127 1.0
28 252 1.0
28 61 1.0
28 85 1.0
29 233 0.5
29 75 1.0
29 206 1.0
29 31 1.0
30 32 0.3333333333333333
30 31 1.0
31 32 0.5
31 175 1.0
32 64 1.0
32 133 1.0
32 173 1.0
32 46 1.0
32 253 1.0
32 83 1.0
32 84 1.0
32 244 1.0
32 218 1.0
32 251 0.5
32 93 0.5
33 257 1.0
33 67 1.0
33 132 0.3333333333333333
33 69 1.0
33 70 1.0
33 209 1.0
33 136 0.3333333333333333
33 201 1.0
33 171 1.0
33 206 0.3333333333333333
33 175 1.0
33 200 1.0
33 146 1.0
33 149 1.0
33 212 1.0
33 90 1.0
34 229 1.0
34 230 1.0
34 35 1.0
34 37 0.5
34 118 1.0
34 55 1.0
34 56 1.0
34 135 1.0
34 231 1.0
34 197 1.0
35 201 1.0
35 37 1.0
35 230 1.0
35 199 0.5
36 64 1.0
36 96 1.0
36 260 1.0
36 224 1.0
36 97 1.0
37 64 0.5
37 96 1.0
37 132 1.0
37 230 0.5
37 97 1.0
37 104 1.0
37 112 1.0
37 116 1.0
37 117 0.5
37 126 1.0
38 206 1.0
38 53 1.0
38 252 1.0
38 253 1.0
38 222 1.0
38 95 1.0
39 73 0.5
39 249 1.0
40 216 1.0
40 41 0.3333333333333333
41 137 1.0
41 216 0.5
42 65 1.0
42 126 0.5
42 130 1.0
42 193 1.0
42 45 0.16666666666666666
42 46 0.5
42 50 1.0
42 52 1.0
42 85 1.0
42 249 1.0
42 57 0.25
42 59 0.25
42 60 1.0
42 61 0.5
42 62 1.0
42 127 1.0
43 64 0.5
43 96 1.0
43 130 1.0
43 193 0.5
43 97 1.0
43 129 0.3333333333333333
43 128 1.0
43 241 0.3333333333333333
43 45 1.0
43 207 1.0
43 136 1.0
43 242 1.0
43 51 0.2
43 62 1.0
43 125 1.0
43 126 0.3333333333333333
43 127 1.0
44 249 1.0
44 66 0.5
44 110 1.0
45 256 1.0
45 129 1.0
45 130 1.0
45 46 1.0
45 50 0.3333333333333333
45 51 1.0
45 52 1.0
45 85 0.5
45 249 1.0
45 57 0.5
45 59 0.14285714285714285
45 60 1.0
45 126 1.0
45 127 0.5
46 64 1.0
46 256 0.5
46 130 0.5
46 131 0.5
46 247 1.0
46 83 1.0
46 84 1.0
46 85 1.0
46 249 1.0
46 88 0.5
46 219 1.0
46 238 1.0
46 47 0.5
46 112 1.0
46 50 0.3333333333333333
46 52 1.0
46 126 1.0
46 54 0.5
46 55 1.0
46 56 1.0
46 57 0.16666666666666666
46 58 1.0
46 59 0.2
46 61 0.5
46 62 0.25
46 127 0.3333333333333333
47 65 1.0
47 227 1.0
47 170 1.0
47 247 1.0
47 93 1.0
47 112 1.0
47 238 1.0
47 52 0.3333333333333333
47 53 1.0
47 55 1.0
47 56 1.0
47 218 1.0
47 223 1.0
47 61 0.5
47 62 0.2
47 159 1.0
48 149 1.0
48 129 1.0
48 66 1.0
48 219 1.0
48 159 1.0
48 208 1.0
48 50 1.0
48 212 1.0
48 85 1.0
48 88 1.0
48 57 1.0
48 155 1.0
48 61 1.0
48 218 1.0
48 127 1.0
49 128 1.0
49 240 1.0
49 242 1.0
49 99 0.5
49 53 0.2
49 241 1.0
49 58 1.0
49 247 1.0
49 62 0.5
50 149 1.0
50 129 1.0
50 66 0.5
50 256 0.3333333333333333
50 208 1.0
50 170 1.0
50 85 0.25
50 249 0.3333333333333333
50 88 0.3333333333333333
50 155 1.0
50 219 1.0
50 212 1.0
50 238 1.0
50 52 1.0
50 53 1.0
50 54 0.3333333333333333
50 55 0.5
50 56 0.5
50 57 0.25
50 59 0.2
50 60 1.0
50 61 0.5
50 62 1.0
50 127 1.0
51 96 1.0
51 97 1.0
51 130 1.0
51 129 0.3333333333333333
51 136 1.0
51 170 1.0
51 207 1.0
51 193 0.5
51 62 0.5
51 249 1.0
51 186 1.0
51 125 1.0
51 126 0.16666666666666666
52 128 1.0
52 242 1.0
52 247 1.0
52 85 1.0
52 55 1.0
52 56 1.0
52 249 1.0
52 59 1.0
52 157 1.0
52 62 0.5
53 66 1.0
53 99 0.5
53 242 0.5
53 206 1.0
53 253 1.0
53 222 1.0
53 54 1.0
53 216 0.5
53 57 1.0
53 58 1.0
53 207 1.0
53 252 1.0
53 61 0.5
53 62 0.5
53 63 1.0
54 160 1.0
54 192 1.0
54 227 1.0
54 256 1.0
54 246 1.0
54 193 1.0
54 76 1.0
54 56 1.0
54 238 1.0
54 55 1.0
54 88 0.5
54 57 0.5
54 59 0.5
54 60 1.0
54 85 1.0
55 192 1.0
55 73 1.0
55 256 1.0
55 83 1.0
55 85 0.2
55 88 0.5
55 65 1.0
55 238 1.0
55 56 0.013157894736842105
55 57 1.0
55 59 1.0
55 61 1.0
55 62 0.3333333333333333
55 63 0.3333333333333333
56 192 1.0
56 73 1.0
56 256 1.0
56 83 1.0
56 85 0.2
56 88 0.5
56 65 1.0
56 238 1.0
56 57 1.0
56 59 1.0
56 61 1.0
56 62 0.3333333333333333
56 63 0.3333333333333333
57 64 0.5
57 65 1.0
57 130 1.0
57 247 1.0
57 256 0.3333333333333333
57 207 1.0
57 85 1.0
57 88 0.25
57 219 1.0
57 112 1.0
57 238 1.0
57 249 1.0
57 59 0.1111111111111111
57 60 0.5
57 126 1.0
57 127 1.0
58 62 0.5
58 247 1.0
59 64 1.0
59 128 1.0
59 130 0.5
59 131 0.5
59 260 1.0
59 256 0.3333333333333333
59 85 0.5
59 249 1.0
59 88 0.5
59 159 1.0
59 238 1.0
59 62 0.25
59 63 1.0
59 60 0.25
59 61 0.5
59 126 1.0
59 127 0.16666666666666666
60 260 1.0
61 149 1.0
61 65 0.25
61 66 0.5
61 129 1.0
61 62 0.3333333333333333
61 207 1.0
61 208 1.0
61 212 1.0
61 85 1.0
61 88 1.0
61 155 1.0
61 219 1.0
61 63 0.5
61 126 1.0
61 127 1.0
62 128 0.5
62 65 1.0
62 130 1.0
62 131 1.0
62 70 1.0
62 193 0.5
62 247 0.5
62 207 0.5
62 153 1.0
62 250 1.0
62 159 0.3333333333333333
62 110 0.3333333333333333
62 126 1.0
62 127 0.5
63 96 1.0
63 65 1.0
63 66 0.5
63 69 1.0
63 97 1.0
63 73 1.0
63 175 1.0
63 207 1.0
63 93 1.0
63 80 1.0
63 147 1.0
63 153 1.0
63 158 1.0
64 65 1.0
64 219 1.0
64 230 0.5
64 97 0.2
64 129 1.0
64 96 0.2
64 159 1.0
64 207 1.0
64 112 0.25
64 251 1.0
64 127 0.3333333333333333
65 192 1.0
65 66 0.2
65 195 1.0
65 68 1.0
65 261 1.0
65 198 1.0
65 199 1.0
65 136 1.0
65 77 1.0
65 207 1.0
65 248 1.0
65 83 1.0
65 174 1.0
65 153 1.0
65 154 1.0
65 155 1.0
65 234 1.0
65 160 1.0
65 259 1.0
65 194 1.0
65 108 1.0
65 110 1.0
65 252 1.0
66 149 1.0
66 203 1.0
66 77 1.0
66 161 1.0
66 207 1.0
66 208 1.0
66 257 1.0
66 147 1.0
66 212 0.5
66 85 1.0
66 88 1.0
66 155 1.0
66 93 1.0
66 158 1.0
66 96 1.0
66 97 1.0
66 219 1.0
66 129 1.0
66 171 1.0
66 237 1.0
66 249 1.0
66 123 1.0
66 252 1.0
66 127 1.0
67 68 1.0
67 69 0.5
67 70 1.0
67 71 0.5
67 200 1.0
67 201 1.0
67 171 1.0
67 209 1.0
67 146 1.0
67 147 1.0
67 212 1.0
67 149 0.5
67 150 1.0
67 215 1.0
67 90 1.0
67 155 0.3333333333333333
67 156 1.0
67 157 1.0
68 194 1.0
68 261 1.0
68 198 1.0
68 71 1.0
68 136 1.0
68 215 0.5
68 195 0.5
68 174 1.0
68 150 1.0
68 151 1.0
68 153 1.0
68 154 1.0
68 155 0.5
68 156 1.0
68 157 1.0
68 160 1.0
68 259 1.0
68 199 1.0
68 108 1.0
68 110 1.0
68 244 1.0
68 149 0.5
69 194 1.0
69 133 1.0
69 70 1.0
69 71 0.5
69 200 1.0
69 201 1.0
69 75 1.0
69 209 1.0
69 146 0.5
69 147 1.0
69 212 1.0
69 149 1.0
69 153 1.0
69 90 1.0
69 155 1.0
69 156 1.0
69 157 0.25
69 99 1.0
69 198 1.0
69 171 0.5
69 173 1.0
69 175 1.0
69 244 1.0
70 71 0.5
70 200 1.0
70 201 1.0
70 171 1.0
70 110 0.5
70 209 1.0
70 146 0.5
70 212 1.0
70 149 1.0
70 153 1.0
70 90 1.0
71 194 1.0
71 106 1.0
71 215 1.0
71 110 1.0
71 175 0.5
71 253 1.0
71 244 0.5
71 150 0.3333333333333333
71 151 1.0
71 155 0.3333333333333333
71 156 0.3333333333333333
71 157 0.5
72 153 1.0
72 202 0.5
72 225 1.0
72 76 0.125
72 223 1.0
73 112 1.0
74 198 1.0
74 177 1.0
74 227 0.5
74 100 1.0
74 117 0.5
74 118 1.0
74 153 1.0
74 121 1.0
74 201 1.0
74 199 1.0
74 111 0.5
75 116 0.2
75 104 1.0
75 110 0.5
75 117 1.0
76 160 1.0
76 225 1.0
76 227 1.0
76 246 1.0
76 233 1.0
76 202 1.0
76 148 0.5
76 152 1.0
76 153 0.5
76 223 1.0
77 86 1.0
77 258 0.5
77 78 0.5
77 79 1.0
77 80 1.0
77 82 1.0
77 83 0.3333333333333333
77 84 0.5
77 85 0.3333333333333333
77 214 1.0
77 161 1.0
77 228 0.5
77 232 1.0
77 106 1.0
77 107 1.0
77 239 1.0
77 112 1.0
77 242 1.0
77 252 0.5
78 258 1.0
78 232 0.25
78 106 1.0
78 107 1.0
78 79 1.0
78 80 1.0
78 82 1.0
78 214 1.0
78 239 1.0
78 252 1.0
79 80 0.5
79 82 1.0
79 214 1.0
79 232 1.0
79 258 0.5
79 87 0.5
80 98 1.0
80 232 1.0
80 258 1.0
80 82 1.0
80 84 1.0
80 214 1.0
81 84 1.0
81 159 1.0
82 258 1.0
82 214 1.0
82 232 1.0
83 258 0.5
83 228 1.0
83 214 1.0
83 234 1.0
83 87 1.0
83 248 1.0
83 242 0.3333333333333333
83 84 0.14285714285714285
83 85 0.2
83 86 1.0
83 255 1.0
83 254 1.0
83 159 1.0
84 258 1.0
84 228 1.0
84 242 0.5
84 85 0.5
84 86 0.5
85 256 1.0
85 129 1.0
85 258 0.5
85 137 1.0
85 138 1.0
85 149 1.0
85 155 1.0
85 159 1.0
85 208 1.0
85 86 0.5
85 88 0.2
85 219 1.0
85 98 1.0
85 228 1.0
85 236 1.0
85 237 0.25
85 238 1.0
85 112 0.5
85 242 0.25
85 212 1.0
85 249 1.0
85 127 1.0
85 126 1.0
85 255 1.0
86 228 0.5
86 168 1.0
86 258 0.2
86 98 1.0
86 206 1.0
86 112 1.0
86 242 1.0
86 255 1.0
86 159 1.0
87 258 1.0
87 255 1.0
87 254 1.0
88 149 1.0
88 129 1.0
88 138 1.0
88 256 0.25
88 208 1.0
88 212 1.0
88 249 1.0
88 155 1.0
88 219 1.0
88 242 1.0
88 236 1.0
88 237 1.0
88 112 1.0
88 238 0.5
88 252 1.0
88 127 1.0
89 128 1.0
89 203 1.0
89 204 1.0
90 200 1.0
90 201 1.0
90 171 1.0
90 209 1.0
90 146 1.0
90 212 1.0
90 149 1.0
90 91 1.0
91 245 1.0
91 115 1.0
91 101 1.0
91 150 1.0
91 227 1.0
91 206 1.0
91 175 1.0
93 96 1.0
93 227 1.0
93 97 1.0
93 159 1.0
93 174 0.3333333333333333
93 111 1.0
93 112 1.0
93 147 1.0
93 218 1.0
93 253 1.0
93 158 1.0
93 95 1.0
94 209 1.0
94 252 1.0
94 231 1.0
94 216 1.0
94 218 1.0
94 202 1.0
94 236 1.0
95 128 0.5
95 133 1.0
95 111 1.0
96 97 0.029411764705882353
96 104 1.0
96 147 1.0
96 158 1.0
96 136 1.0
96 116 1.0
96 117 1.0
96 153 1.0
96 120 0.5
96 148 1.0
96 126 0.3333333333333333
97 104 1.0
97 147 1.0
97 158 1.0
97 136 1.0
97 116 1.0
97 117 1.0
97 153 1.0
97 120 0.5
97 148 1.0
97 126 0.3333333333333333
98 112 1.0
98 242 1.0
98 104 1.0
98 255 1.0
98 159 1.0
99 242 1.0
99 115 0.5
99 113 1.0
99 157 1.0
100 227 1.0
100 117 0.5
100 201 1.0
100 121 0.5
100 219 0.5
100 140 1.0
100 111 1.0
101 245 1.0
101 241 1.0
101 195 1.0
101 118 1.0
101 227 1.0
101 175 1.0
102 244 1.0
102 210 1.0
102 251 1.0
102 220 0.5
103 126 1.0
104 140 1.0
104 110 1.0
104 116 0.5
104 117 1.0
104 120 1.0
104 121 1.0
104 126 1.0
106 210 1.0
106 252 1.0
106 107 1.0
106 220 1.0
106 239 1.0
107 160 1.0
107 194 1.0
107 195 1.0
107 203 1.0
107 239 1.0
107 245 1.0
107 246 1.0
107 151 1.0
107 218 1.0
107 252 1.0
108 160 1.0
108 195 1.0
108 261 1.0
108 198 1.0
108 199 1.0
108 136 1.0
108 173 0.3333333333333333
108 174 1.0
108 175 1.0
108 259 1.0
108 110 1.0
108 153 1.0
108 154 1.0
110 195 1.0
110 261 1.0
110 136 1.0
110 204 1.0
110 248 1.0
110 146 1.0
110 259 1.0
110 150 1.0
110 151 1.0
110 153 0.5
110 154 1.0
110 220 1.0
110 159 1.0
110 160 0.5
110 198 1.0
110 199 1.0
110 174 1.0
110 116 0.5
110 120 1.0
110 251 1.0
110 253 1.0
110 190 1.0
111 227 0.5
111 201 1.0
111 140 1.0
111 175 0.5
111 117 1.0
111 118 1.0
111 121 1.0
112 193 1.0
112 261 1.0
112 138 1.0
112 219 1.0
112 159 0.5
112 161 1.0
112 227 1.0
112 230 1.0
112 231 1.0
112 236 0.5
112 237 1.0
112 242 0.3333333333333333
112 119 1.0
112 255 1.0
113 115 1.0
114 252 1.0
115 161 1.0
115 128 1.0
115 236 1.0
116 154 1.0
116 126 1.0
116 117 0.14285714285714285
117 227 0.3333333333333333
117 198 0.5
117 193 1.0
117 201 0.5
117 140 1.0
117 177 0.5
117 153 0.5
117 121 0.25
117 200 1.0
117 126 1.0
118 245 1.0
118 227 1.0
119 201 1.0
119 230 1.0
119 199 1.0
120 163 0.5
120 148 1.0
120 189 1.0
121 224 1.0
121 227 1.0
121 200 1.0
121 201 1.0
121 142 0.5
121 175 1.0
121 243 1.0
121 219 1.0
121 245 1.0
122 124 0.5
122 238 1.0
123 171 0.5
123 229 1.0
123 161 0.5
123 203 1.0
123 257 1.0
123 206 1.0
123 143 1.0
123 237 0.5
123 212 1.0
123 126 1.0
124 238 1.0
125 193 1.0
125 129 1.0
125 126 0.5
125 207 1.0
126 256 1.0
126 129 0.5
126 130 0.5
126 161 1.0
126 143 1.0
126 193 0.5
126 207 1.0
126 237 1.0
126 127 1.0
127 129 1.0
127 131 0.5
127 130 0.5
127 208 1.0
127 212 1.0
127 155 1.0
127 219 1.0
127 149 1.0
128 161 1.0
128 236 1.0
128 240 1.0
128 247 1.0
128 234 1.0
128 159 1.0
129 193 0.5
129 130 1.0
129 207 1.0
129 208 1.0
129 212 1.0
129 149 1.0
129 151 1.0
129 155 1.0
129 219 1.0
130 131 1.0
132 206 1.0
133 251 1.0
135 161 1.0
135 236 1.0
135 138 1.0
136 195 1.0
136 198 1.0
136 259 1.0
136 174 1.0
136 160 1.0
136 153 1.0
136 154 1.0
136 199 1.0
136 261 1.0
137 235 0.5
137 236 1.0
137 237 0.5
138 161 1.0
138 242 1.0
138 236 0.3333333333333333
138 237 1.0
140 152 0.5
140 200 1.0
140 147 1.0
140 227 0.5
140 155 1.0
140 156 1.0
140 141 1.0
141 144 1.0
141 145 0.3333333333333333
141 211 1.0
141 154 0.5
141 143 0.5
142 177 1.0
143 248 1.0
143 225 0.5
144 179 1.0
145 179 1.0
145 246 1.0
145 211 1.0
145 154 0.5
145 219 1.0
145 254 1.0
145 157 1.0
146 200 1.0
146 201 1.0
146 171 1.0
146 209 1.0
146 227 1.0
146 212 1.0
146 149 1.0
146 151 1.0
147 157 0.3333333333333333
147 195 1.0
147 148 1.0
147 187 1.0
147 155 0.2
147 156 0.3333333333333333
147 158 0.5
148 156 1.0
148 187 1.0
148 153 0.5
148 154 1.0
148 155 1.0
148 158 1.0
149 200 1.0
149 201 1.0
149 215 1.0
149 194 0.5
149 208 1.0
149 209 0.5
149 195 1.0
149 212 0.5
149 150 1.0
149 151 1.0
149 155 0.5
149 160 1.0
149 219 1.0
149 171 1.0
150 160 1.0
150 194 0.3333333333333333
150 251 1.0
150 215 1.0
150 175 1.0
150 244 1.0
150 151 1.0
150 248 1.0
150 155 1.0
150 220 1.0
150 253 1.0
150 190 1.0
151 160 1.0
151 194 0.3333333333333333
151 195 0.3333333333333333
151 203 1.0
151 209 1.0
151 218 1.0
152 227 1.0
152 154 1.0
153 195 1.0
153 193 1.0
153 160 1.0
153 259 1.0
153 174 1.0
153 154 0.5
153 156 1.0
153 261 1.0
153 198 0.25
153 177 0.5
153 199 1.0
153 175 1.0
154 160 1.0
154 195 1.0
154 198 1.0
154 199 1.0
154 259 1.0
154 211 1.0
154 174 1.0
154 219 1.0
154 261 1.0
155 208 1.0
155 215 0.5
155 219 1.0
155 156 0.2
155 157 0.3333333333333333
155 158 1.0
155 187 1.0
155 195 1.0
155 244 1.0
155 212 1.0
156 175 1.0
156 187 1.0
156 215 1.0
156 244 1.0
156 157 0.14285714285714285
156 158 0.3333333333333333
157 198 1.0
157 227 1.0
157 194 1.0
157 195 1.0
157 187 1.0
157 175 1.0
158 187 1.0
159 227 1.0
159 162 1.0
159 218 1.0
159 197 1.0
159 214 0.5
159 161 0.2
159 163 0.25
159 230 1.0
159 242 1.0
159 245 1.0
159 255 1.0
160 194 0.5
160 195 0.3333333333333333
160 246 1.0
160 198 1.0
160 199 1.0
160 203 1.0
160 209 1.0
160 257 1.0
160 259 1.0
160 174 1.0
160 218 1.0
160 261 1.0
160 227 1.0
160 220 1.0
160 248 1.0
160 251 1.0
160 252 1.0
160 253 1.0
160 190 1.0
161 203 1.0
161 218 1.0
161 257 1.0
161 163 1.0
161 256 1.0
161 171 0.5
161 236 0.5
161 237 0.5
161 212 1.0
161 255 0.5
162 163 0.5
162 204 1.0
162 197 1.0
163 197 0.5
164 194 1.0
166 261 1.0
167 174 1.0
168 206 1.0
169 238 1.0
170 249 1.0
170 186 1.0
171 200 1.0
171 203 0.5
171 237 0.5
171 209 0.5
171 212 0.5
171 201 1.0
171 244 1.0
171 257 1.0
172 177 0.25
172 174 0.5
173 175 1.0
174 195 1.0
174 261 1.0
174 198 1.0
174 199 1.0
174 175 1.0
174 176 0.5
174 177 0.25
174 179 1.0
174 259 1.0
175 176 0.25
175 177 0.25
175 245 1.0
176 177 0.2
176 258 1.0
177 193 1.0
177 198 0.3333333333333333
177 206 1.0
177 179 0.5
178 186 1.0
178 181 1.0
178 183 1.0
180 208 1.0
181 189 1.0
181 222 1.0
182 183 1.0
183 192 0.5
183 186 0.25
185 187 1.0
185 188 1.0
186 193 1.0
186 249 1.0
187 188 1.0
187 193 1.0
188 231 1.0
189 231 1.0
190 244 1.0
190 248 1.0
190 251 1.0
190 220 1.0
190 253 1.0
193 246 1.0
193 198 1.0
193 207 1.0
194 195 0.3333333333333333
194 198 1.0
194 196 1.0
194 203 1.0
194 209 1.0
194 218 1.0
194 199 1.0
195 259 1.0
195 198 1.0
195 199 0.5
195 203 0.3333333333333333
195 204 0.5
195 257 1.0
195 218 1.0
195 196 0.5
195 261 1.0
195 200 0.25
195 246 0.3333333333333333
195 252 1.0
196 197 1.0
196 218 1.0
197 230 1.0
197 199 0.5
197 201 1.0
198 199 1.0
198 259 1.0
198 246 1.0
198 261 1.0
199 259 1.0
199 201 0.2
199 203 1.0
199 261 1.0
199 230 0.3333333333333333
200 227 1.0
200 229 0.5
200 209 1.0
200 212 1.0
200 246 0.25
200 201 1.0
200 241 1.0
201 209 1.0
201 227 0.5
201 212 1.0
201 230 1.0
202 209 1.0
202 231 1.0
202 218 1.0
203 204 1.0
203 237 1.0
203 212 1.0
203 218 1.0
203 257 1.0
205 251 1.0
206 252 1.0
206 253 1.0
206 208 0.5
206 210 1.0
206 211 1.0
206 222 1.0
207 247 1.0
208 219 1.0
208 212 1.0
208 211 1.0
209 257 1.0
209 210 0.3333333333333333
209 212 1.0
209 215 0.5
209 218 1.0
209 231 1.0
210 215 0.5
210 251 1.0
210 220 1.0
210 257 1.0
211 223 1.0
212 219 1.0
212 257 1.0
212 237 1.0
212 235 1.0
212 252 1.0
213 252 1.0
214 258 1.0
214 232 1.0
214 216 0.3333333333333333
214 223 1.0
214 221 1.0
215 257 1.0
215 244 1.0
215 216 1.0
215 253 1.0
216 257 1.0
216 221 1.0
218 231 1.0
218 238 1.0
218 253 1.0
220 243 1.0
220 248 1.0
220 251 1.0
220 253 1.0
221 223 0.5
222 252 1.0
222 253 1.0
223 253 1.0
223 225 1.0
223 226 1.0
224 243 0.3333333333333333
224 251 1.0
225 248 1.0
225 251 1.0
227 246 0.5
228 258 1.0
228 242 0.5
229 241 1.0
229 246 1.0
231 261 1.0
232 258 1.0
234 248 1.0
234 235 1.0
234 237 0.3333333333333333
234 238 1.0
235 236 1.0
235 237 0.5
235 238 0.5
236 237 1.0
236 242 1.0
237 242 1.0
237 257 1.0
237 238 1.0
238 256 1.0
239 246 1.0
239 252 1.0
240 241 1.0
241 242 1.0
242 258 1.0
242 255 1.0
244 246 0.5
244 251 1.0
244 245 1.0
245 246 1.0
248 251 1.0
248 253 1.0
251 253 1.0
252 261 1.0
252 257 1.0
252 253 0.5
253 261 1.0
254 255 0.25
255 256 1.0
259 261 1.0
