1 212
2 41
4 208
4 170
4 50
7 8
7 9
7 141
8 9
10 142
12 16
12 146
12 151
15 18
15 21
18 236
20 138
21 234
22 78
22 85
22 26
22 42
22 45
22 46
22 50
22 57
22 59
23 79
25 214
25 159
26 77
26 83
26 159
26 228
26 46
26 239
26 55
26 56
26 59
28 55
28 56
29 233
30 32
31 32
32 251
32 93
33 132
33 136
33 206
34 37
35 199
37 64
37 230
37 117
39 73
40 41
41 216
42 126
42 45
42 46
42 57
42 59
42 61
43 64
43 193
43 129
43 241
43 51
43 126
44 66
45 50
45 85
45 57
45 59
45 127
46 256
46 130
46 131
46 88
46 47
46 50
46 54
46 57
46 59
46 61
46 62
46 127
47 52
47 61
47 62
49 99
49 53
49 62
50 66
50 256
50 85
50 249
50 88
50 54
50 55
50 56
50 57
50 59
50 61
51 129
51 193
51 62
51 126
52 62
53 99
53 242
53 216
53 61
53 62
54 88
54 57
54 59
55 85
55 88
55 56
55 62
55 63
56 85
56 88
56 62
56 63
57 64
57 256
57 88
57 59
57 60
58 62
59 130
59 131
59 256
59 85
59 88
59 62
59 60
59 61
59 127
61 65
61 66
61 62
61 63
62 128
62 193
62 247
62 207
62 159
62 110
62 127
63 66
64 230
64 97
64 96
64 112
64 127
65 66
66 212
67 69
67 71
67 149
67 155
68 215
68 195
68 155
68 149
69 71
69 146
69 157
69 171
70 71
70 110
70 146
71 175
71 244
71 150
71 155
71 156
71 157
72 202
72 76
74 227
74 117
74 111
75 116
75 110
76 148
76 153
77 258
77 78
77 83
77 84
77 85
77 228
77 252
78 232
79 80
79 258
79 87
83 258
83 242
83 84
83 85
84 242
84 85
84 86
85 258
85 86
85 88
85 237
85 112
85 242
86 228
86 258
88 256
88 238
93 174
95 128
96 97
96 120
96 126
97 120
97 126
99 115
100 117
100 121
100 219
102 220
104 116
108 173
110 153
110 160
110 116
111 227
111 175
112 159
112 236
112 242
116 117
117 227
117 198
117 201
117 177
117 153
117 121
120 163
121 142
122 124
123 171
123 161
123 237
125 126
126 129
126 130
126 193
127 131
127 130
129 193
137 235
137 237
138 236
140 152
140 227
141 145
141 154
141 143
143 225
145 154
147 157
147 155
147 156
147 158
148 153
149 194
149 209
149 212
149 155
150 194
151 194
151 195
153 154
153 198
153 177
155 215
155 156
155 157
156 157
156 158
159 214
159 161
159 163
160 194
160 195
161 171
161 236
161 237
161 255
162 163
163 197
171 203
171 237
171 209
171 212
172 177
172 174
174 176
174 177
175 176
175 177
176 177
177 198
177 179
183 192
183 186
194 195
195 199
195 203
195 204
195 196
195 200
195 246
197 199
199 201
199 230
200 229
200 246
201 227
206 208
209 210
209 215
210 215
214 216
221 223
224 243
227 246
228 242
234 237
235 237
235 238
244 246
252 253
254 255
