4 208
7 141
8 9
10 142
12 16
15 18
15 21
20 138
22 78
22 42
22 45
22 50
22 57
22 59
26 77
26 159
30 32
33 132
33 136
33 206
40 41
42 45
42 57
42 59
43 129
43 241
43 51
43 126
45 50
45 59
46 50
46 57
46 59
46 62
46 127
47 52
47 62
49 53
50 256
50 85
50 249
50 88
50 54
50 57
50 59
51 129
51 126
55 85
55 56
55 62
55 63
56 85
56 62
56 63
57 256
57 88
57 59
59 256
59 62
59 60
59 127
61 65
61 62
62 159
62 110
64 97
64 96
64 112
64 127
65 66
67 155
69 157
71 150
71 155
71 156
72 76
75 116
77 83
77 85
78 232
83 242
83 84
83 85
85 88
85 237
85 242
86 258
88 256
93 174
96 97
96 126
97 126
108 173
112 242
116 117
117 227
117 121
138 236
141 145
147 157
147 155
147 156
150 194
151 194
151 195
153 198
155 156
155 157
156 157
156 158
159 161
159 163
160 195
172 177
174 177
175 176
175 177
176 177
177 198
183 186
194 195
195 203
195 200
195 246
199 201
199 230
200 246
209 210
214 216
224 243
234 237
254 255
