0 2
0 21
1 161
1 2
1 203
1 5
1 257
1 168
1 171
1 66
1 237
1 212
1 55
1 56
1 123
2 66
2 203
2 161
2 168
2 41
2 171
2 257
2 237
2 206
2 20
2 21
2 86
2 216
2 212
2 123
3 128
3 161
3 115
3 21
3 88
3 252
3 138
3 236
3 234
4 129
4 66
4 69
4 206
4 207
4 208
4 211
4 212
4 149
4 88
4 153
4 155
4 28
4 219
4 63
4 170
4 175
4 48
4 50
4 51
4 249
4 186
4 123
4 61
4 85
4 127
5 195
5 212
5 101
5 157
6 8
6 9
6 159
6 56
6 55
7 56
7 25
7 55
7 8
7 9
7 141
8 9
10 25
10 142
11 112
11 261
11 222
11 14
11 231
12 33
12 67
12 69
12 70
12 200
12 201
12 171
12 16
12 209
12 146
12 212
12 149
12 151
12 152
12 90
13 209
13 231
13 202
13 218
13 122
13 94
13 255
14 218
14 226
14 223
15 161
15 18
15 19
15 21
15 218
15 255
15 234
15 254
15 111
17 123
17 21
17 86
18 138
18 236
18 237
18 112
18 56
18 242
18 85
18 254
18 55
18 88
18 252
18 94
18 255
19 124
19 238
20 208
20 33
20 86
20 135
20 168
20 161
20 138
20 236
20 206
21 234
21 123
21 254
22 192
22 65
22 130
22 196
22 256
22 249
22 258
22 77
22 78
22 79
22 80
22 82
22 85
22 214
22 23
22 88
22 25
22 26
22 159
22 232
22 42
22 127
22 45
22 46
22 48
22 50
22 52
22 57
22 59
22 61
22 126
22 63
23 258
23 196
23 232
23 77
23 78
23 79
23 80
23 82
23 212
23 214
23 25
23 252
25 214
25 258
25 179
25 232
25 77
25 78
25 79
25 80
25 145
25 82
25 83
25 142
25 248
25 28
25 93
25 159
26 256
26 258
26 196
26 77
26 78
26 83
26 84
26 85
26 88
26 218
26 159
26 228
26 242
26 42
26 107
26 45
26 46
26 239
26 48
26 50
26 55
26 56
26 57
26 59
26 252
26 106
26 127
28 192
28 129
28 66
28 195
28 257
28 160
28 206
28 208
28 212
28 149
28 88
28 218
28 155
28 93
28 32
28 219
28 253
28 48
28 50
28 244
28 55
28 56
28 127
28 252
28 61
28 85
29 233
29 75
29 206
29 31
30 32
30 31
31 32
31 175
32 64
32 133
32 173
32 46
32 253
32 83
32 84
32 244
32 218
32 251
32 93
33 257
33 67
33 132
33 69
33 70
33 209
33 136
33 201
33 171
33 206
33 175
33 200
33 146
33 149
33 212
33 90
34 229
34 230
34 35
34 37
34 118
34 55
34 56
34 135
34 231
34 197
35 201
35 37
35 230
35 199
36 64
36 96
36 260
36 224
36 97
37 64
37 96
37 132
37 230
37 97
37 104
37 112
37 116
37 117
37 126
38 206
38 53
38 252
38 253
38 222
38 95
39 73
39 249
40 216
40 41
41 137
41 216
42 65
42 126
42 130
42 193
42 45
42 46
42 50
42 52
42 85
42 249
42 57
42 59
42 60
42 61
42 62
42 127
43 64
43 96
43 130
43 193
43 97
43 129
43 128
43 241
43 45
43 207
43 136
43 242
43 51
43 62
43 125
43 126
43 127
44 249
44 66
44 110
45 256
45 129
45 130
45 46
45 50
45 51
45 52
45 85
45 249
45 57
45 59
45 60
45 126
45 127
46 64
46 256
46 130
46 131
46 247
46 83
46 84
46 85
46 249
46 88
46 219
46 238
46 47
46 112
46 50
46 52
46 126
46 54
46 55
46 56
46 57
46 58
46 59
46 61
46 62
46 127
47 65
47 227
47 170
47 247
47 93
47 112
47 238
47 52
47 53
47 55
47 56
47 218
47 223
47 61
47 62
47 159
48 149
48 129
48 66
48 219
48 159
48 208
48 50
48 212
48 85
48 88
48 57
48 155
48 61
48 218
48 127
49 128
49 240
49 242
49 99
49 53
49 241
49 58
49 247
49 62
50 149
50 129
50 66
50 256
50 208
50 170
50 85
50 249
50 88
50 155
50 219
50 212
50 238
50 52
50 53
50 54
50 55
50 56
50 57
50 59
50 60
50 61
50 62
50 127
51 96
51 97
51 130
51 129
51 136
51 170
51 207
51 193
51 62
51 249
51 186
51 125
51 126
52 128
52 242
52 247
52 85
52 55
52 56
52 249
52 59
52 157
52 62
53 66
53 99
53 242
53 206
53 253
53 222
53 54
53 216
53 57
53 58
53 207
53 252
53 61
53 62
53 63
54 160
54 192
54 227
54 256
54 246
54 193
54 76
54 56
54 238
54 55
54 88
54 57
54 59
54 60
54 85
55 192
55 73
55 256
55 83
55 85
55 88
55 65
55 238
55 56
55 57
55 59
55 61
55 62
55 63
56 192
56 73
56 256
56 83
56 85
56 88
56 65
56 238
56 57
56 59
56 61
56 62
56 63
57 64
57 65
57 130
57 247
57 256
57 207
57 85
57 88
57 219
57 112
57 238
57 249
57 59
57 60
57 126
57 127
58 62
58 247
59 64
59 128
59 130
59 131
59 260
59 256
59 85
59 249
59 88
59 159
59 238
59 62
59 63
59 60
59 61
59 126
59 127
60 260
61 149
61 65
61 66
61 129
61 62
61 207
61 208
61 212
61 85
61 88
61 155
61 219
61 63
61 126
61 127
62 128
62 65
62 130
62 131
62 70
62 193
62 247
62 207
62 153
62 250
62 159
62 110
62 126
62 127
63 96
63 65
63 66
63 69
63 97
63 73
63 175
63 207
63 93
63 80
63 147
63 153
63 158
64 65
64 219
64 230
64 97
64 129
64 96
64 159
64 207
64 112
64 251
64 127
65 192
65 66
65 195
65 68
65 261
65 198
65 199
65 136
65 77
65 207
65 248
65 83
65 174
65 153
65 154
65 155
65 234
65 160
65 259
65 194
65 108
65 110
65 252
66 149
66 203
66 77
66 161
66 207
66 208
66 257
66 147
66 212
66 85
66 88
66 155
66 93
66 158
66 96
66 97
66 219
66 129
66 171
66 237
66 249
66 123
66 252
66 127
67 68
67 69
67 70
67 71
67 200
67 201
67 171
67 209
67 146
67 147
67 212
67 149
67 150
67 215
67 90
67 155
67 156
67 157
68 194
68 261
68 198
68 71
68 136
68 215
68 195
68 174
68 150
68 151
68 153
68 154
68 155
68 156
68 157
68 160
68 259
68 199
68 108
68 110
68 244
68 149
69 194
69 133
69 70
69 71
69 200
69 201
69 75
69 209
69 146
69 147
69 212
69 149
69 153
69 90
69 155
69 156
69 157
69 99
69 198
69 171
69 173
69 175
69 244
70 71
70 200
70 201
70 171
70 110
70 209
70 146
70 212
70 149
70 153
70 90
71 194
71 106
71 215
71 110
71 175
71 253
71 244
71 150
71 151
71 155
71 156
71 157
72 153
72 202
72 225
72 76
72 223
73 112
74 198
74 177
74 227
74 100
74 117
74 118
74 153
74 121
74 201
74 199
74 111
75 116
75 104
75 110
75 117
76 160
76 225
76 227
76 246
76 233
76 202
76 148
76 152
76 153
76 223
77 86
77 258
77 78
77 79
77 80
77 82
77 83
77 84
77 85
77 214
77 161
77 228
77 232
77 106
77 107
77 239
77 112
77 242
77 252
78 258
78 232
78 106
78 107
78 79
78 80
78 82
78 214
78 239
78 252
79 80
79 82
79 214
79 232
79 258
79 87
80 98
80 232
80 258
80 82
80 84
80 214
81 84
81 159
82 258
82 214
82 232
83 258
83 228
83 214
83 234
83 87
83 248
83 242
83 84
83 85
83 86
83 255
83 254
83 159
84 258
84 228
84 242
84 85
84 86
85 256
85 129
85 258
85 137
85 138
85 149
85 155
85 159
85 208
85 86
85 88
85 219
85 98
85 228
85 236
85 237
85 238
85 112
85 242
85 212
85 249
85 127
85 126
85 255
86 228
86 168
86 258
86 98
86 206
86 112
86 242
86 255
86 159
87 258
87 255
87 254
88 149
88 129
88 138
88 256
88 208
88 212
88 249
88 155
88 219
88 242
88 236
88 237
88 112
88 238
88 252
88 127
89 128
89 203
89 204
90 200
90 201
90 171
90 209
90 146
90 212
90 149
90 91
91 245
91 115
91 101
91 150
91 227
91 206
91 175
93 96
93 227
93 97
93 159
93 174
93 111
93 112
93 147
93 218
93 253
93 158
93 95
94 209
94 252
94 231
94 216
94 218
94 202
94 236
95 128
95 133
95 111
96 97
96 104
96 147
96 158
96 136
96 116
96 117
96 153
96 120
96 148
96 126
97 104
97 147
97 158
97 136
97 116
97 117
97 153
97 120
97 148
97 126
98 112
98 242
98 104
98 255
98 159
99 242
99 115
99 113
99 157
100 227
100 117
100 201
100 121
100 219
100 140
100 111
101 245
101 241
101 195
101 118
101 227
101 175
102 244
102 210
102 251
102 220
103 126
104 140
104 110
104 116
104 117
104 120
104 121
104 126
106 210
106 252
106 107
106 220
106 239
107 160
107 194
107 195
107 203
107 239
107 245
107 246
107 151
107 218
107 252
108 160
108 195
108 261
108 198
108 199
108 136
108 173
108 174
108 175
108 259
108 110
108 153
108 154
110 195
110 261
110 136
110 204
110 248
110 146
110 259
110 150
110 151
110 153
110 154
110 220
110 159
110 160
110 198
110 199
110 174
110 116
110 120
110 251
110 253
110 190
111 227
111 201
111 140
111 175
111 117
111 118
111 121
112 193
112 261
112 138
112 219
112 159
112 161
112 227
112 230
112 231
112 236
112 237
112 242
112 119
112 255
113 115
114 252
115 161
115 128
115 236
116 154
116 126
116 117
117 227
117 198
117 193
117 201
117 140
117 177
117 153
117 121
117 200
117 126
118 245
118 227
119 201
119 230
119 199
120 163
120 148
120 189
121 224
121 227
121 200
121 201
121 142
121 175
121 243
121 219
121 245
122 124
122 238
123 171
123 229
123 161
123 203
123 257
123 206
123 143
123 237
123 212
123 126
124 238
125 193
125 129
125 126
125 207
126 256
126 129
126 130
126 161
126 143
126 193
126 207
126 237
126 127
127 129
127 131
127 130
127 208
127 212
127 155
127 219
127 149
128 161
128 236
128 240
128 247
128 234
128 159
129 193
129 130
129 207
129 208
129 212
129 149
129 151
129 155
129 219
130 131
132 206
133 251
135 161
135 236
135 138
136 195
136 198
136 259
136 174
136 160
136 153
136 154
136 199
136 261
137 235
137 236
137 237
138 161
138 242
138 236
138 237
140 152
140 200
140 147
140 227
140 155
140 156
140 141
141 144
141 145
141 211
141 154
141 143
142 177
143 248
143 225
144 179
145 179
145 246
145 211
145 154
145 219
145 254
145 157
146 200
146 201
146 171
146 209
146 227
146 212
146 149
146 151
147 157
147 195
147 148
147 187
147 155
147 156
147 158
148 156
148 187
148 153
148 154
148 155
148 158
149 200
149 201
149 215
149 194
149 208
149 209
149 195
149 212
149 150
149 151
149 155
149 160
149 219
149 171
150 160
150 194
150 251
150 215
150 175
150 244
150 151
150 248
150 155
150 220
150 253
150 190
151 160
151 194
151 195
151 203
151 209
151 218
152 227
152 154
153 195
153 193
153 160
153 259
153 174
153 154
153 156
153 261
153 198
153 177
153 199
153 175
154 160
154 195
154 198
154 199
154 259
154 211
154 174
154 219
154 261
155 208
155 215
155 219
155 156
155 157
155 158
155 187
155 195
155 244
155 212
156 175
156 187
156 215
156 244
156 157
156 158
157 198
157 227
157 194
157 195
157 187
157 175
158 187
159 227
159 162
159 218
159 197
159 214
159 161
159 163
159 230
159 242
159 245
159 255
160 194
160 195
160 246
160 198
160 199
160 203
160 209
160 257
160 259
160 174
160 218
160 261
160 227
160 220
160 248
160 251
160 252
160 253
160 190
161 203
161 218
161 257
161 163
161 256
161 171
161 236
161 237
161 212
161 255
162 163
162 204
162 197
163 197
164 194
166 261
167 174
168 206
169 238
170 249
170 186
171 200
171 203
171 237
171 209
171 212
171 201
171 244
171 257
172 177
172 174
173 175
174 195
174 261
174 198
174 199
174 175
174 176
174 177
174 179
174 259
175 176
175 177
175 245
176 177
176 258
177 193
177 198
177 206
177 179
178 186
178 181
178 183
180 208
181 189
181 222
182 183
183 192
183 186
185 187
185 188
186 193
186 249
187 188
187 193
188 231
189 231
190 244
190 248
190 251
190 220
190 253
193 246
193 198
193 207
194 195
194 198
194 196
194 203
194 209
194 218
194 199
195 259
195 198
195 199
195 203
195 204
195 257
195 218
195 196
195 261
195 200
195 246
195 252
196 197
196 218
197 230
197 199
197 201
198 199
198 259
198 246
198 261
199 259
199 201
199 203
199 261
199 230
200 227
200 229
200 209
200 212
200 246
200 201
200 241
201 209
201 227
201 212
201 230
202 209
202 231
202 218
203 204
203 237
203 212
203 218
203 257
205 251
206 252
206 253
206 208
206 210
206 211
206 222
207 247
208 219
208 212
208 211
209 257
209 210
209 212
209 215
209 218
209 231
210 215
210 251
210 220
210 257
211 223
212 219
212 257
212 237
212 235
212 252
213 252
214 258
214 232
214 216
214 223
214 221
215 257
215 244
215 216
215 253
216 257
216 221
218 231
218 238
218 253
220 243
220 248
220 251
220 253
221 223
222 252
222 253
223 253
223 225
223 226
224 243
224 251
225 248
225 251
227 246
228 258
228 242
229 241
229 246
231 261
232 258
234 248
234 235
234 237
234 238
235 236
235 237
235 238
236 237
236 242
237 242
237 257
237 238
238 256
239 246
239 252
240 241
241 242
242 258
242 255
244 246
244 251
244 245
245 246
248 251
248 253
251 253
252 261
252 257
252 253
253 261
254 255
255 256
259 261
